shape_id,shape_pt_lon,shape_pt_lat,shape_pt_sequence
2,-73.831327,40.583889,1
2,-73.833434,40.58333,2
2,-73.834584,40.58296,3
2,-73.835342,40.582718,4
2,-73.835524,40.58266,5
2,-73.836114,40.58248,6
2,-73.836364,40.5824,7
2,-73.836734,40.58228,8
2,-73.837414,40.58206,9
2,-73.837894,40.58191,10
2,-73.838134,40.58185,11
2,-73.838394,40.58177,12
2,-73.838234,40.58145,13
2,-73.837274,40.57979,14
2,-73.838094,40.57951,15
2,-73.838924,40.57924,16
2,-73.839744,40.57896,17
2,-73.840564,40.57869,18
2,-73.841384,40.57841,19
2,-73.842214,40.57814,20
2,-73.843054,40.57788,21
2,-73.843874,40.57759,22
2,-73.844694,40.57731,23
2,-73.845504,40.57698,24
2,-73.845992,40.576817,25
2,-73.846374,40.57669,26
2,-73.847184,40.57635,27
2,-73.848014,40.57601,28
2,-73.848844,40.57567,29
2,-73.849634,40.57535,30
2,-73.850404,40.57502,31
2,-73.851224,40.5747,32
2,-73.852024,40.57437,33
2,-73.852794,40.57405,34
2,-73.853604,40.57372,35
2,-73.854394,40.5734,36
2,-73.855184,40.57307,37
2,-73.855974,40.57274,38
2,-73.856774,40.57242,39
2,-73.857584,40.5721,40
2,-73.858374,40.57178,41
2,-73.858474,40.57174,42
2,-73.858527,40.571718,43
2,-73.859274,40.57141,44
2,-73.860064,40.57108,45
2,-73.860854,40.57075,46
2,-73.861654,40.57043,47
2,-73.862444,40.57011,48
2,-73.862554,40.57007,49
2,-73.863334,40.56974,50
2,-73.864124,40.56941,51
2,-73.864694,40.56922,52
2,-73.865094,40.56911,53
2,-73.865504,40.56904,54
2,-73.865814,40.56901,55
2,-73.866114,40.56902,56
2,-73.866544,40.5691,57
2,-73.866934,40.56921,58
2,-73.867104,40.5693,59
2,-73.867304,40.56932,60
2,-73.867464,40.56931,61
2,-73.867714,40.56925,62
2,-73.867944,40.56912,63
2,-73.868014,40.56906,64
2,-73.868114,40.56893,65
2,-73.868144,40.56883,66
2,-73.868154,40.56874,67
2,-73.868264,40.56852,68
2,-73.868584,40.5681,69
2,-73.868754,40.56793,70
2,-73.869044,40.56773,71
2,-73.869394,40.56756,72
2,-73.86961,40.567494,73
2,-73.869854,40.56742,74
2,-73.871484,40.56687,75
2,-73.871854,40.56674,76
2,-73.872244,40.5666,77
2,-73.872804,40.5664,78
2,-73.872994,40.56636,79
2,-73.873104,40.5663,80
2,-73.873134,40.56619,81
2,-73.873044,40.5661,82
2,-73.872996,40.566093,83
2,-73.872884,40.56608,84
2,-73.872664,40.56615,85
2,-73.872418,40.566234,86
4,-73.873366,40.565918,1
4,-73.871396,40.56658,2
4,-73.869746,40.56715,3
4,-73.868346,40.56762,4
4,-73.867786,40.56784,5
4,-73.867116,40.5681,6
4,-73.865326,40.5688,7
4,-73.864066,40.56931,8
4,-73.863276,40.56963,9
4,-73.862486,40.56995,10
4,-73.862376,40.56999,11
4,-73.861596,40.57033,12
4,-73.860796,40.57065,13
4,-73.860006,40.57098,14
4,-73.859206,40.5713,15
4,-73.858416,40.57163,16
4,-73.858316,40.57167,17
4,-73.857525999999993,40.572,18
4,-73.856726,40.57232,19
4,-73.855936,40.57266,20
4,-73.855136,40.57298,21
4,-73.854346,40.5733,22
4,-73.853556,40.57364,23
4,-73.852736,40.57396,24
4,-73.851956,40.57429,25
4,-73.851166,40.57461,26
4,-73.850356,40.57494,27
4,-73.849576,40.57526,28
4,-73.848786,40.57558,29
4,-73.847976,40.57592,30
4,-73.847136,40.57627,31
4,-73.846306,40.5766,32
4,-73.846206,40.57665,33
4,-73.845506,40.57698,34
4,-73.844696,40.57731,35
4,-73.843876,40.57759,36
4,-73.843056,40.57788,37
4,-73.842216,40.57814,38
4,-73.841386,40.57841,39
4,-73.840566,40.57869,40
4,-73.839746,40.57896,41
4,-73.838926,40.57924,42
4,-73.838096,40.57951,43
4,-73.837276,40.57979,44
4,-73.837126,40.57984,45
4,-73.836716,40.57996,46
4,-73.836276,40.5801,47
4,-73.835426,40.58032,48
4,-73.834576,40.58055,49
4,-73.833726,40.58079,50
4,-73.832946,40.58101,51
4,-73.832876,40.58103,52
4,-73.832776,40.58105,53
4,-73.832446,40.58113,54
4,-73.832026,40.58125,55
4,-73.831926,40.58128,56
4,-73.830876,40.58157,57
4,-73.830766,40.5816,58
4,-73.830106,40.581791,59
4,-73.829906,40.58185,60
4,-73.830226,40.58259,61
4,-73.830676,40.58347,62
4,-73.830906,40.5839,63
4,-73.830946,40.58398,64
4,-73.831176,40.58393,65
4,-73.831726,40.583784,66
7,-73.831596,40.584228,1
7,-73.831915,40.585013,2
7,-73.8539,40.583804,3
7,-73.867549,40.577943,4
7,-73.930443,40.564731,5
7,-74.004559,40.565564,6
7,-74.014286,40.570976,7
7,-74.038927,40.605163,8
7,-74.041928,40.612173,9
7,-74.044541,40.621688,10
7,-74.044389,40.627618,11
7,-74.041225,40.639108,12
7,-74.032925,40.649032,13
7,-74.026436,40.646276,14
7,-74.032925,40.649032,15
7,-74.0241,40.659939,16
7,-74.021473,40.678334,17
7,-74.010358,40.690153,18
7,-74.004183,40.70023,19
7,-74.005261,40.702377,20
7,-74.006693,40.703647,21
8,-74.006693,40.703647,1
8,-74.005261,40.702377,2
8,-74.004183,40.70023,3
8,-74.010357,40.690154,4
8,-74.021473,40.678334,5
8,-74.0241,40.659939,6
8,-74.032925,40.649032,7
8,-74.026436,40.646276,8
8,-74.032925,40.649032,9
8,-74.041224,40.639108,10
8,-74.044389,40.627618,11
8,-74.044541,40.621688,12
8,-74.041928,40.612174,13
8,-74.038926,40.605161,14
8,-74.014286,40.570976,15
8,-74.004559,40.565564,16
8,-73.930443,40.564731,17
8,-73.867549,40.577943,18
8,-73.8539,40.583804,19
8,-73.831915,40.585013,20
8,-73.831596,40.584228,21
15,-74.006691,40.703647,1
15,-74.005257,40.702377,2
15,-74.002425,40.703235,3
15,-73.99078,40.707403,4
15,-73.980687,40.7081,5
15,-73.975399,40.710173,6
15,-73.972972,40.712371,7
15,-73.96981,40.721495,8
15,-73.970088,40.731805,9
15,-73.97292,40.731979,10
15,-73.970088,40.731805,11
15,-73.968519,40.743278,12
15,-73.970729,40.743912,13
15,-73.968519,40.743278,14
15,-73.956277,40.758067,15
15,-73.939707,40.777845,16
15,-73.94217,40.777475,17
15,-73.939707,40.777845,18
15,-73.926735,40.779768,19
15,-73.911054,40.792827,20
15,-73.900542,40.797578,21
15,-73.890676,40.800382,22
15,-73.88405,40.799567,23
15,-73.872567,40.797684,24
15,-73.847927,40.802733,25
15,-73.848701,40.804202,26
15,-73.847927,40.802733,27
15,-73.837793,40.804148,28
15,-73.837303,40.805455,29
16,-74.074231,40.646072,1
16,-74.072702,40.647004,2
16,-74.060555,40.651994,3
16,-74.039365,40.676079,4
16,-74.029003,40.694722,5
16,-74.02392,40.715407,6
16,-74.017775,40.715029,7
16,-74.02392,40.715407,8
16,-74.013673,40.751275,9
16,-74.006608,40.761325,10
16,-74.004075,40.760323,11
27,-73.882669,40.567389,1
27,-73.882458,40.56702,2
27,-73.882088,40.56639,3
27,-73.881968,40.56657,4
27,-73.88188,40.566688,5
27,-73.881758,40.56685,6
27,-73.881678,40.56692,7
27,-73.881528,40.56702,8
27,-73.881368,40.56709,9
27,-73.881168,40.56713,10
27,-73.880788,40.56714,11
27,-73.880418,40.5671,12
27,-73.880138,40.56712,13
27,-73.879878,40.56716,14
27,-73.879698,40.56721,15
27,-73.879338,40.56741,16
27,-73.879038,40.56753,17
27,-73.878698,40.56768,18
27,-73.878358,40.56782,19
27,-73.877448,40.56823,20
27,-73.876628,40.56862,21
27,-73.874708,40.56954,22
27,-73.874558,40.56961,23
27,-73.872128,40.57077,24
27,-73.871728,40.57094,25
27,-73.871408,40.57104,26
27,-73.871028,40.5711,27
27,-73.870488,40.57112,28
27,-73.870328,40.57112,29
27,-73.869788,40.571,30
27,-73.869518,40.57092,31
27,-73.869248,40.5708,32
27,-73.868968,40.57064,33
27,-73.868788,40.57052,34
27,-73.868528,40.57021,35
27,-73.868338,40.56992,36
27,-73.868178,40.56962,37
27,-73.868118,40.5694,38
27,-73.868118,40.56893,39
27,-73.868148,40.56883,40
27,-73.868158,40.56874,41
27,-73.868268,40.56852,42
27,-73.868588,40.5681,43
27,-73.868758,40.56793,44
27,-73.869048,40.56773,45
27,-73.869398,40.56756,46
27,-73.869858,40.56742,47
27,-73.871488,40.56687,48
27,-73.871858,40.56674,49
27,-73.872248,40.5666,50
27,-73.872808,40.5664,51
27,-73.872998,40.56636,52
27,-73.873108,40.5663,53
27,-73.873138,40.56619,54
27,-73.873113,40.566164,55
27,-73.873138,40.56619,56
27,-73.873048,40.5661,57
27,-73.872888,40.56608,58
27,-73.869748,40.56715,59
27,-73.868348,40.56762,60
27,-73.867788,40.56784,61
27,-73.867118,40.5681,62
27,-73.865328,40.5688,63
27,-73.864068,40.56931,64
27,-73.863278,40.56963,65
27,-73.862488,40.56995,66
27,-73.862378,40.56999,67
27,-73.861598,40.57033,68
27,-73.860798,40.57065,69
27,-73.860008,40.57098,70
27,-73.859208,40.5713,71
27,-73.858418,40.57163,72
27,-73.858318,40.57167,73
27,-73.857528,40.572,74
27,-73.856728,40.57232,75
27,-73.855938,40.57266,76
27,-73.855138,40.57298,77
27,-73.854348,40.5733,78
27,-73.853558,40.57364,79
27,-73.852738,40.57396,80
27,-73.851958,40.57429,81
27,-73.851168,40.57461,82
27,-73.850358,40.57494,83
27,-73.849578,40.57526,84
27,-73.848788,40.57558,85
27,-73.847978,40.57592,86
27,-73.847138,40.57627,87
27,-73.846308,40.5766,88
27,-73.846208,40.57665,89
27,-73.845508,40.57698,90
27,-73.844698,40.57731,91
27,-73.843878,40.57759,92
27,-73.843058,40.57788,93
27,-73.842218,40.57814,94
27,-73.841388,40.57841,95
27,-73.840568,40.57869,96
27,-73.839748,40.57896,97
27,-73.838928,40.57924,98
27,-73.838098,40.57951,99
27,-73.837278,40.57979,100
27,-73.837128,40.57984,101
27,-73.836718,40.57996,102
27,-73.836278,40.5801,103
27,-73.835428,40.58032,104
27,-73.834578,40.58055,105
27,-73.833728,40.58079,106
27,-73.832948,40.58101,107
27,-73.832878,40.58103,108
27,-73.832778,40.58105,109
27,-73.832448,40.58113,110
27,-73.832028,40.58125,111
27,-73.831928,40.58128,112
27,-73.830878,40.58157,113
27,-73.830768,40.5816,114
27,-73.830108,40.581791,115
27,-73.829908,40.58185,116
27,-73.830228,40.58259,117
27,-73.830678,40.58347,118
27,-73.830948,40.58398,119
27,-73.831178,40.58393,120
27,-73.831728,40.583784,121
35,-73.831326,40.583887,1
35,-73.83343,40.58333,2
35,-73.83458,40.58296,3
35,-73.83552,40.58266,4
35,-73.83611,40.58248,5
35,-73.83636,40.5824,6
35,-73.83673,40.58228,7
35,-73.83741,40.58206,8
35,-73.837446,40.582048,9
35,-73.83789,40.58191,10
35,-73.83813,40.58185,11
35,-73.83839,40.58177,12
35,-73.83727,40.57979,13
35,-73.83809,40.57951,14
35,-73.83892,40.57924,15
35,-73.83974,40.57896,16
35,-73.84056,40.57869,17
35,-73.84138,40.57841,18
35,-73.84221,40.57814,19
35,-73.84305,40.57788,20
35,-73.84387,40.57759,21
35,-73.84469,40.57731,22
35,-73.8455,40.57698,23
35,-73.845988,40.576817,24
35,-73.84637,40.57669,25
35,-73.84718,40.57635,26
35,-73.84801,40.57601,27
35,-73.84884,40.57567,28
35,-73.84963,40.57535,29
35,-73.8504,40.57502,30
35,-73.85122,40.5747,31
35,-73.85202,40.57437,32
35,-73.85279,40.57405,33
35,-73.8536,40.57372,34
35,-73.85439,40.5734,35
35,-73.85518,40.57307,36
35,-73.85597,40.57274,37
35,-73.85677,40.57242,38
35,-73.85758,40.5721,39
35,-73.85837,40.57178,40
35,-73.85847,40.57174,41
35,-73.858523,40.571718,42
35,-73.85927,40.57141,43
35,-73.86006,40.57108,44
35,-73.86085,40.57075,45
35,-73.86165,40.57043,46
35,-73.86244,40.57011,47
35,-73.86255,40.57007,48
35,-73.86333,40.56974,49
35,-73.86412,40.56941,50
35,-73.86469,40.56922,51
35,-73.86509,40.56911,52
35,-73.8655,40.56904,53
35,-73.86581,40.56901,54
35,-73.86611,40.56902,55
35,-73.86654,40.5691,56
35,-73.86693,40.56921,57
35,-73.8671,40.5693,58
35,-73.8673,40.56932,59
35,-73.86746,40.56931,60
35,-73.86771,40.56925,61
35,-73.86794,40.56912,62
35,-73.86801,40.56906,63
35,-73.86811,40.56893,64
35,-73.86814,40.56883,65
35,-73.86815,40.56874,66
35,-73.86826,40.56852,67
35,-73.86858,40.5681,68
35,-73.86875,40.56793,69
35,-73.86904,40.56773,70
35,-73.8691,40.5677,71
35,-73.86939,40.56756,72
35,-73.86985,40.56742,73
35,-73.87148,40.56687,74
35,-73.87185,40.56674,75
35,-73.87224,40.5666,76
35,-73.8728,40.5664,77
35,-73.87299,40.56636,78
35,-73.873048,40.566328,79
35,-73.8731,40.5663,80
35,-73.87313,40.56619,81
35,-73.87304,40.5661,82
35,-73.87288,40.56608,83
35,-73.87266,40.56615,84
35,-73.872457,40.56622,85
35,-73.87171,40.56647,86
35,-73.87139,40.56658,87
35,-73.86974,40.56715,88
35,-73.86834,40.56762,89
35,-73.86778,40.56784,90
35,-73.86711,40.5681,91
35,-73.86687,40.56818,92
35,-73.86671,40.5683,93
35,-73.86662,40.56839,94
35,-73.86656,40.56856,95
35,-73.86656,40.56874,96
35,-73.86658,40.56884,97
35,-73.86671,40.56904,98
35,-73.86682,40.56913,99
35,-73.86693,40.56921,100
35,-73.8671,40.5693,101
35,-73.86733,40.56945,102
35,-73.8675,40.5696,103
35,-73.86776,40.56992,104
35,-73.86787,40.57007,105
35,-73.86817,40.57048,106
35,-73.86852,40.57086,107
35,-73.86871,40.57103,108
35,-73.86896,40.57118,109
35,-73.8693,40.57135,110
35,-73.86963,40.57145,111
35,-73.86993,40.5715,112
35,-73.87041,40.57152,113
35,-73.87065,40.57152,114
35,-73.871,40.57148,115
35,-73.87128,40.57141,116
35,-73.87225,40.57099,117
35,-73.87485,40.56974,118
35,-73.87668,40.56885,119
35,-73.87736,40.56867,120
35,-73.87761,40.568613,121
35,-73.87789,40.56855,122
35,-73.87844,40.56848,123
35,-73.87968,40.56838,124
35,-73.87988,40.56834,125
35,-73.88019,40.56825,126
35,-73.88116,40.56785,127
35,-73.88128,40.56781,128
35,-73.88146,40.56775,129
35,-73.88171,40.56769,130
35,-73.882,40.56764,131
35,-73.88238,40.56761,132
35,-73.88278,40.56755,133
35,-73.88269,40.56744,134
35,-73.882482,40.567076,135
44,-73.768893,40.596192,1
44,-73.769748,40.5961,2
44,-73.770648,40.596,3
44,-73.771498,40.59591,4
44,-73.772308,40.59579,5
44,-73.772818,40.59577,6
44,-73.773868,40.59576,7
44,-73.774588,40.59573,8
44,-73.774768,40.59573,9
44,-73.775718,40.59567,10
44,-73.776548,40.59561,11
44,-73.777388,40.59555,12
44,-73.778218,40.5955,13
44,-73.779028,40.59545,14
44,-73.779938,40.59538,15
44,-73.780918,40.59532,16
44,-73.781115,40.595307,17
44,-73.781838,40.59526,18
44,-73.782698,40.5952,19
44,-73.783608,40.59514,20
44,-73.784128,40.5951,21
44,-73.784548,40.59507,22
44,-73.785508,40.595,23
44,-73.785728,40.59498,24
44,-73.786258,40.59494,25
44,-73.786938,40.59488,26
44,-73.787078,40.59485,27
44,-73.787228,40.59481,28
44,-73.788078,40.59447,29
44,-73.789128,40.59404,30
44,-73.789038,40.59298,31
44,-73.788938,40.59215,32
44,-73.789648,40.59208,33
44,-73.790528,40.59189,34
44,-73.791378,40.59189,35
44,-73.791678,40.59185,36
44,-73.794288,40.59117,37
44,-73.795118,40.59095,38
44,-73.795908,40.59075,39
44,-73.797858,40.59018,40
44,-73.798438,40.58999,41
44,-73.799338,40.58969,42
44,-73.800178,40.5894,43
44,-73.800958,40.58913,44
44,-73.801118,40.58909,45
44,-73.801998,40.58887,46
44,-73.802798,40.58865,47
44,-73.803538,40.58845,48
44,-73.803888,40.5884,49
44,-73.804308,40.5883,50
44,-73.805138,40.58821,51
44,-73.806348,40.58808,52
44,-73.807278,40.58799,53
44,-73.807448,40.588,54
44,-73.809858,40.58774,55
44,-73.810628,40.58767,56
44,-73.811098,40.5876,57
44,-73.811238,40.58755,58
44,-73.812158,40.58744,59
44,-73.812448,40.58741,60
44,-73.813048,40.58735,61
44,-73.813848,40.58712,62
44,-73.814648,40.58678,63
44,-73.815438,40.58646,64
44,-73.816558,40.586,65
44,-73.816698,40.58593,66
44,-73.817168,40.58571,67
44,-73.817278,40.58566,68
44,-73.818048,40.58531,69
44,-73.818798,40.58495,70
44,-73.819568,40.58459,71
44,-73.820338,40.58422,72
44,-73.821098,40.58386,73
44,-73.821718,40.58357,74
44,-73.822578,40.58315,75
44,-73.823068,40.5839,76
44,-73.826068,40.58301,77
44,-73.827658,40.58255,78
44,-73.829158,40.58208,79
44,-73.829588,40.58195,80
44,-73.830058,40.58242,81
44,-73.830228,40.58259,82
44,-73.830678,40.58347,83
44,-73.830698,40.5835,84
44,-73.830908,40.5839,85
44,-73.830948,40.58398,86
44,-73.831178,40.58393,87
44,-73.831728,40.583784,88
45,-74.03813,40.639858,1
45,-74.038173,40.641679,2
45,-74.032897,40.649032,3
45,-74.026436,40.646276,4
45,-74.032897,40.649032,5
45,-74.024101,40.660096,6
45,-74.021387,40.67847,7
45,-74.014547,40.685517,8
45,-74.014597,40.686786,9
45,-74.016482,40.68664,10
45,-74.014597,40.686786,11
45,-74.014547,40.685517,12
45,-74.011309,40.682798,13
45,-74.013358,40.680957,14
45,-74.011309,40.682798,15
45,-74.014547,40.685517,16
45,-74.005334,40.69326,17
45,-74.002073,40.692315,18
45,-74.005334,40.69326,19
45,-74.005259,40.702377,20
45,-74.006144,40.703161,21
45,-74.005259,40.702377,22
45,-73.996643,40.704159,23
45,-73.995671,40.703652,24
45,-73.996643,40.704159,25
45,-73.979041,40.709068,26
45,-73.979244,40.710159,27
46,-73.979244,40.710159,1
46,-73.979041,40.709068,2
46,-73.996642,40.704159,3
46,-73.995671,40.703652,4
46,-73.996642,40.704159,5
46,-74.005259,40.702377,6
46,-74.006144,40.703161,7
46,-74.005259,40.702377,8
46,-74.005334,40.69326,9
46,-74.002073,40.692315,10
46,-74.005334,40.69326,11
46,-74.014547,40.685517,12
46,-74.011309,40.682798,13
46,-74.013358,40.680957,14
46,-74.011309,40.682798,15
46,-74.014547,40.685517,16
46,-74.014597,40.686786,17
46,-74.016482,40.68664,18
46,-74.014597,40.686786,19
46,-74.014547,40.685517,20
46,-74.021385,40.67847,21
46,-74.024057,40.660129,22
46,-74.032903,40.649032,23
46,-74.026436,40.646276,24
46,-74.032903,40.649032,25
46,-74.038173,40.641678,26
46,-74.03813,40.639858,27
71,-74.004075,40.760323,1
71,-74.006608,40.761325,2
71,-74.013676,40.751274,3
71,-74.023922,40.715407,4
71,-74.017775,40.715029,5
71,-74.023922,40.715407,6
71,-74.029005,40.694722,7
71,-74.039367,40.676079,8
71,-74.060554,40.651995,9
71,-74.072702,40.647004,10
71,-74.074231,40.646072,11
75,-74.016482,40.68664,1
75,-74.014601,40.686786,2
75,-74.013056,40.687282,3
75,-74.010353,40.690157,4
75,-74.004181,40.70023,5
75,-74.005261,40.702377,6
75,-74.006693,40.703647,7
76,-74.006693,40.703647,1
76,-74.005261,40.702377,2
76,-74.004181,40.70023,3
76,-74.010355,40.690154,4
76,-74.013056,40.687282,5
76,-74.014601,40.686786,6
76,-74.016482,40.68664,7
79,-74.006693,40.703647,1
79,-74.005261,40.702377,2
79,-74.00534,40.69326,3
79,-74.002073,40.692315,4
79,-74.00534,40.69326,5
79,-74.014555,40.685517,6
79,-74.021395,40.67847,7
79,-74.024067,40.660129,8
79,-74.032913,40.649032,9
79,-74.038183,40.641678,10
79,-74.03813,40.639858,11
80,-74.03813,40.639858,1
80,-74.038179,40.641679,2
80,-74.032903,40.649032,3
80,-74.024107,40.660096,4
80,-74.021393,40.67847,5
80,-74.014545,40.685517,6
80,-74.00534,40.69326,7
80,-74.002073,40.692315,8
80,-74.00534,40.69326,9
80,-74.005261,40.702377,10
80,-74.006693,40.703647,11
81,-73.961322,40.741838,1
81,-73.964519,40.742134,2
81,-73.967329,40.742936,3
81,-73.970731,40.743912,4
81,-73.967329,40.742936,5
81,-73.964842,40.731406,6
81,-73.963617,40.731365,7
81,-73.964842,40.731406,8
81,-73.967308,40.722012,9
81,-73.964902,40.720838,10
81,-73.967308,40.722012,11
81,-73.972571,40.710119,12
81,-73.970224,40.708743,13
81,-73.972571,40.710119,14
81,-73.996646,40.704159,15
81,-73.995671,40.703652,16
81,-73.996646,40.704159,17
81,-74.005259,40.702377,18
81,-74.006693,40.703647,19
82,-74.006693,40.703647,1
82,-74.005259,40.702377,2
82,-73.996644,40.704159,3
82,-73.995671,40.703652,4
82,-73.996644,40.704159,5
82,-73.97256,40.710119,6
82,-73.970224,40.708743,7
82,-73.97256,40.710119,8
82,-73.967308,40.722012,9
82,-73.964902,40.720838,10
82,-73.967308,40.722012,11
82,-73.964842,40.731406,12
82,-73.963617,40.731365,13
82,-73.964842,40.731406,14
82,-73.96733,40.742936,15
82,-73.970731,40.743912,16
82,-73.96733,40.742936,17
82,-73.964519,40.742134,18
82,-73.961322,40.741838,19
83,-73.837303,40.805455,1
83,-73.837793,40.804148,2
83,-73.847927,40.802733,3
83,-73.848701,40.804202,4
83,-73.847927,40.802733,5
83,-73.872593,40.797666,6
83,-73.883974,40.799537,7
83,-73.890705,40.800404,8
83,-73.90054,40.797578,9
83,-73.911202,40.792781,10
83,-73.926738,40.779768,11
83,-73.939707,40.777845,12
83,-73.94217,40.777475,13
83,-73.939707,40.777845,14
83,-73.956275,40.758067,15
83,-73.968517,40.743278,16
83,-73.970729,40.743912,17
83,-73.968517,40.743278,18
83,-73.970088,40.731805,19
83,-73.97292,40.731979,20
83,-73.970088,40.731805,21
83,-73.969811,40.721493,22
83,-73.972932,40.712357,23
83,-73.975456,40.710142,24
83,-73.980685,40.7081,25
83,-73.990848,40.707389,26
83,-74.002403,40.70323,27
83,-74.005257,40.702377,28
83,-74.006691,40.703647,29
105,-74.03813,40.639858,1
105,-74.038177,40.641679,2
105,-74.032901,40.649032,3
105,-74.026436,40.646276,4
105,-74.032901,40.649032,5
105,-74.024105,40.660096,6
105,-74.021391,40.67847,7
105,-74.014543,40.685517,8
105,-74.011309,40.682798,9
105,-74.013358,40.680957,10
105,-74.011309,40.682798,11
105,-74.014543,40.685517,12
105,-74.005334,40.69326,13
105,-74.002073,40.692315,14
105,-74.005334,40.69326,15
105,-74.005259,40.702377,16
105,-74.006144,40.703161,17
105,-74.005259,40.702377,18
105,-73.996642,40.704159,19
105,-73.995671,40.703652,20
105,-73.996642,40.704159,21
105,-73.979041,40.709068,22
105,-73.979244,40.710159,23
106,-73.979244,40.710159,1
106,-73.979041,40.709068,2
106,-73.996642,40.704159,3
106,-73.995671,40.703652,4
106,-73.996642,40.704159,5
106,-74.005259,40.702377,6
106,-74.006144,40.703161,7
106,-74.005259,40.702377,8
106,-74.005334,40.69326,9
106,-74.002073,40.692315,10
106,-74.005334,40.69326,11
106,-74.014551,40.685517,12
106,-74.011309,40.682798,13
106,-74.013358,40.680957,14
106,-74.011309,40.682798,15
106,-74.014551,40.685517,16
106,-74.021391,40.67847,17
106,-74.024063,40.660129,18
106,-74.032909,40.649032,19
106,-74.026436,40.646276,20
106,-74.032909,40.649032,21
106,-74.038179,40.641678,22
106,-74.03813,40.639858,23
107,-74.006691,40.703647,1
107,-74.005255,40.702377,2
107,-73.990778,40.707436,3
107,-73.97653,40.707101,4
107,-73.973576,40.701792,5
107,-73.97653,40.707101,6
107,-73.973781,40.710158,7
107,-73.96981,40.721485,8
107,-73.967328,40.742936,9
107,-73.970731,40.743912,10
107,-73.967328,40.742936,11
107,-73.959146,40.749586,12
107,-73.957725,40.74842,13
107,-73.959146,40.749586,14
107,-73.951273,40.756374,15
107,-73.952482,40.756811,16
107,-73.951273,40.756374,17
107,-73.938489,40.770867,18
107,-73.935714,40.77172,19
107,-73.938489,40.770867,20
107,-73.939705,40.777845,21
107,-73.942172,40.777475,22
108,-73.942172,40.777475,1
108,-73.939703,40.777845,2
108,-73.938485,40.770867,3
108,-73.935714,40.77172,4
108,-73.938485,40.770867,5
108,-73.951271,40.756374,6
108,-73.952482,40.756811,7
108,-73.951271,40.756374,8
108,-73.959144,40.749586,9
108,-73.957725,40.74842,10
108,-73.959144,40.749586,11
108,-73.967324,40.742936,12
108,-73.970731,40.743912,13
108,-73.967324,40.742936,14
108,-73.969808,40.721492,15
108,-73.973776,40.710159,16
108,-73.976526,40.707101,17
108,-73.973576,40.701792,18
108,-73.976526,40.707101,19
108,-73.990774,40.707436,20
108,-74.005253,40.702377,21
108,-74.006689,40.703647,22
115,-73.979244,40.710159,1
115,-73.979041,40.709068,2
115,-73.996642,40.704159,3
115,-73.995671,40.703652,4
115,-73.996642,40.704159,5
115,-74.005259,40.702377,6
115,-74.006144,40.703161,7
115,-74.005259,40.702377,8
115,-74.005343,40.693261,9
115,-74.005344,40.69326,10
115,-74.014547,40.685517,11
115,-74.011309,40.682798,12
115,-74.013358,40.680957,13
115,-74.011309,40.682798,14
115,-74.014547,40.685517,15
115,-74.014597,40.686786,16
115,-74.016482,40.68664,17
115,-74.014597,40.686786,18
115,-74.014547,40.685517,19
115,-74.021385,40.67847,20
115,-74.024057,40.660129,21
115,-74.032903,40.649032,22
115,-74.026436,40.646276,23
116,-74.026436,40.646276,1
116,-74.032895,40.649032,2
116,-74.024099,40.660096,3
116,-74.021385,40.67847,4
116,-74.014547,40.685517,5
116,-74.014597,40.686786,6
116,-74.016482,40.68664,7
116,-74.014597,40.686786,8
116,-74.014547,40.685517,9
116,-74.011309,40.682798,10
116,-74.013358,40.680957,11
116,-74.011309,40.682798,12
116,-74.014547,40.685517,13
116,-74.005328,40.69326,14
116,-74.005329,40.693259,15
116,-74.005259,40.702377,16
116,-74.006144,40.703161,17
116,-74.005259,40.702377,18
116,-73.996642,40.704159,19
116,-73.995671,40.703652,20
116,-73.996643,40.704159,21
116,-73.979041,40.709068,22
116,-73.979244,40.710159,23
117,-73.979244,40.710159,1
117,-73.979041,40.709068,2
117,-73.99664,40.704159,3
117,-73.995671,40.703652,4
117,-73.99664,40.704159,5
117,-74.005259,40.702377,6
117,-74.006144,40.703161,7
117,-74.005259,40.702377,8
117,-74.005339,40.693261,9
117,-74.00534,40.69326,10
117,-74.014541,40.685517,11
117,-74.011309,40.682798,12
117,-74.013358,40.680957,13
117,-74.011309,40.682798,14
117,-74.014541,40.685517,15
117,-74.021381,40.67847,16
117,-74.024053,40.660129,17
117,-74.032899,40.649032,18
117,-74.026436,40.646276,19
118,-74.026436,40.646276,1
118,-74.032893,40.649032,2
118,-74.024097,40.660096,3
118,-74.021383,40.67847,4
118,-74.014543,40.685517,5
118,-74.011309,40.682798,6
118,-74.013358,40.680957,7
118,-74.011309,40.682798,8
118,-74.014543,40.685517,9
118,-74.005326,40.69326,10
118,-74.005327,40.693259,11
118,-74.005259,40.702377,12
118,-74.006144,40.703161,13
118,-74.005259,40.702377,14
118,-73.996642,40.704159,15
118,-73.995671,40.703652,16
118,-73.996642,40.704159,17
118,-73.979041,40.709068,18
118,-73.979244,40.710159,19
119,-74.006693,40.703647,1
119,-74.005261,40.702377,2
119,-74.00534,40.69326,3
119,-74.002073,40.692315,4
119,-74.00534,40.69326,5
119,-74.014601,40.686786,6
119,-74.016482,40.68664,7
119,-74.014601,40.686786,8
119,-74.014551,40.685517,9
119,-74.021393,40.67847,10
119,-74.024065,40.660129,11
119,-74.032911,40.649032,12
119,-74.038181,40.641678,13
119,-74.03813,40.639858,14
120,-74.03813,40.639858,1
120,-74.038175,40.641679,2
120,-74.032899,40.649032,3
120,-74.024103,40.660096,4
120,-74.021389,40.67847,5
120,-74.014551,40.685517,6
120,-74.014601,40.686786,7
120,-74.016482,40.68664,8
120,-74.014601,40.686786,9
120,-74.005338,40.69326,10
120,-74.002073,40.692315,11
120,-74.005338,40.69326,12
120,-74.005261,40.702377,13
120,-74.006693,40.703647,14
125,-74.013356,40.680957,1
125,-74.011305,40.682798,2
125,-74.014539,40.685517,3
125,-74.00533,40.69326,4
125,-74.005255,40.702377,5
125,-74.006687,40.703647,6
126,-74.00669,40.703646,1
126,-74.005257,40.702377,2
126,-74.005332,40.69326,3
126,-74.014547,40.685517,4
126,-74.011307,40.682798,5
126,-74.013356,40.680957,6
130,-73.831592,40.584228,1
130,-73.831911,40.585013,2
130,-73.853896,40.583804,3
130,-73.867545,40.577943,4
130,-73.930439,40.564731,5
130,-74.004555,40.565564,6
130,-74.014282,40.570976,7
130,-74.038923,40.605163,8
130,-74.041924,40.612173,9
130,-74.044537,40.621688,10
130,-74.044385,40.627618,11
130,-74.041219,40.639108,12
130,-74.033155,40.648916,13
130,-74.024094,40.659938,14
130,-74.021466,40.678344,15
130,-74.010356,40.690148,16
130,-74.004176,40.700231,17
130,-73.996637,40.704159,18
130,-73.97256,40.710121,19
130,-73.967297,40.722019,20
130,-73.964834,40.731406,21
130,-73.963613,40.731365,22
130,-73.964834,40.731406,23
130,-73.967321,40.742936,24
130,-73.959144,40.749586,25
130,-73.957722,40.748419,26
131,-73.957722,40.748419,1
131,-73.959144,40.749586,2
131,-73.967321,40.742936,3
131,-73.964834,40.731406,4
131,-73.963614,40.731365,5
131,-73.964834,40.731406,6
131,-73.9673,40.722012,7
131,-73.972558,40.710119,8
131,-73.996637,40.704159,9
131,-74.004177,40.70023,10
131,-74.010355,40.690149,11
131,-74.021465,40.678335,12
131,-74.024092,40.659939,13
131,-74.032917,40.649032,14
131,-74.041217,40.639108,15
131,-74.044381,40.627616,16
131,-74.044533,40.621689,17
131,-74.041919,40.612171,18
131,-74.038918,40.60516,19
131,-74.014278,40.570976,20
131,-74.004551,40.565564,21
131,-73.930435,40.564731,22
131,-73.867541,40.577943,23
131,-73.853892,40.583804,24
131,-73.831911,40.585013,25
131,-73.83159,40.584228,26
132,-73.831326,40.583885,1
132,-73.833411,40.583354,2
132,-73.834671,40.582966,3
132,-73.834274,40.582432,4
132,-73.834058,40.582159,5
132,-73.833853,40.582023,6
132,-73.833603,40.581907,7
132,-73.833275,40.581851,8
132,-73.833074,40.581837,9
132,-73.832876,40.581866,10
132,-73.831264,40.582252,11
132,-73.830257,40.582538,12
132,-73.829867,40.581884,13
132,-73.829617,40.581919,14
132,-73.829523,40.581947,15
132,-73.827621,40.582514,16
132,-73.826035,40.582969,17
132,-73.825124,40.58324,18
132,-73.824097,40.583547,19
132,-73.82367,40.583662,20
132,-73.822994,40.583853,21
132,-73.822914,40.583828,22
132,-73.82251,40.583184,23
132,-73.821708,40.58357,24
132,-73.821221,40.583803,25
132,-73.821103,40.583857,26
132,-73.820333,40.584221,27
132,-73.819568,40.584587,28
132,-73.818798,40.584948,29
132,-73.818039,40.585307,30
132,-73.817585,40.585525,31
132,-73.817294,40.585674,32
132,-73.817164,40.585734,33
132,-73.816709,40.585949,34
132,-73.816575,40.586015,35
132,-73.815896,40.586289,36
132,-73.815441,40.586472,37
132,-73.815205,40.586568,38
132,-73.814641,40.586788,39
132,-73.813803,40.587119,40
132,-73.81305,40.587368,41
132,-73.812479,40.587428,42
132,-73.812165,40.587461,43
132,-73.811277,40.587553,44
132,-73.811016,40.58759,45
132,-73.810636,40.587646,46
132,-73.809859,40.587758,47
132,-73.808753,40.587862,48
132,-73.807277,40.588001,49
132,-73.806341,40.588088,50
132,-73.805138,40.588215,51
132,-73.804322,40.588328,52
132,-73.803549,40.588489,53
132,-73.80279,40.588665,54
132,-73.802017,40.58888,55
132,-73.801575,40.588988,56
132,-73.80117,40.589076,57
132,-73.80107,40.589096,58
132,-73.800935,40.589077,59
132,-73.800148,40.589324,60
132,-73.799304,40.589611,61
132,-73.798421,40.589902,62
132,-73.79786,40.590106,63
132,-73.796865,40.590427,64
132,-73.795934,40.590696,65
132,-73.79583,40.590722,66
132,-73.793972,40.591197,67
132,-73.793113,40.591411,68
132,-73.792256,40.591638,69
132,-73.791468,40.591826,70
132,-73.791375,40.591851,71
132,-73.791458,40.59313,72
132,-73.791208,40.59319,73
132,-73.791008,40.59327,74
132,-73.789118,40.59404,75
132,-73.788068,40.59447,76
132,-73.787218,40.59481,77
132,-73.787068,40.59485,78
132,-73.786928,40.59488,79
132,-73.786248,40.59494,80
132,-73.785718,40.59498,81
132,-73.785498,40.595,82
132,-73.784538,40.59507,83
132,-73.784118,40.5951,84
132,-73.783598,40.59514,85
132,-73.782688,40.5952,86
132,-73.781828,40.59526,87
132,-73.780908,40.59532,88
132,-73.780451,40.595347,89
132,-73.779928,40.59538,90
132,-73.779018,40.59545,91
132,-73.778208,40.5955,92
132,-73.777378,40.59555,93
132,-73.776538,40.59561,94
132,-73.775708,40.59567,95
132,-73.774758,40.59573,96
132,-73.774578,40.59573,97
132,-73.773858,40.59576,98
132,-73.772808,40.59577,99
132,-73.772298,40.59579,100
132,-73.771488,40.59591,101
132,-73.770638,40.596,102
132,-73.770908,40.59736,103
132,-73.769988,40.59747,104
132,-73.768988,40.59757,105
132,-73.768718,40.59621,106
132,-73.768739,40.596223,107
132,-73.769102,40.596183,108
132,-73.769132,40.596179,109
